2728
aan 1 76 17
aba 1 171 9
abb 2 180 3
abd 1 184 1
abi 1 203 4
abl 6 207 5
abn 1 212 1
abo 13 213 7
abu 1 224 5
aby 1 232 10
aca 2 242 9
acb 3 251 1
acc 2 252 1
ace 8 253 19
ach 4 273 10
aci 2 283 10
ack 18 293 9
aco 3 306 10
acr 1 316 6
acs 3 322 1
act 4 323 8
ada 3 336 10
ade 2 358 13
adh 1 372 3
adi 5 375 16
adj 1 391 1
adn 2 400 4
ado 2 404 11
adr 1 418 5
ads 3 423 11
adt 2 434 7
adu 1 441 5
ady 3 450 6
afe 4 715 11
afr 1 759 3
aft 3 767 5
afu 1 772 3
aga 3 780 11
age 8 796 11
agi 1 821 8
agn 1 837 1
ago 4 838 7
ags 1 853 7
agu 3 864 7
aha 2 874 10
aid 2 993 10
ail 5 1039 12
aim 3 1051 10
ain 7 1061 18
air 1 1091 12
ais 2 1103 17
ait 1 1120 15
ake 10 1158 13
aki 6 1171 8
alb 1 1214 5
alf 1 1257 6
alh 1 1264 3
ali 5 1267 12
alk 3 1279 2
all 53 1281 18
alo 4 1301 11
alr 1 1316 3
als 1 1319 8
alt 1 1327 7
ama 3 1359 12
amb 1 1371 8
amd 1 1382 2
ame 9 1384 16
amf 1 1400 2
ami 3 1405 10
amm 3 1415 4
amn 1 1419 3
amo 1 1422 7
amp 2 1429 4
amr 1 1433 3
amt 4 1440 4
ana 4 1465 12
anb 2 1477 6
anc 2 1483 5
and 41 1488 20
ane 2 1508 19
anf 2 1527 5
ang 10 1532 21
ani 4 1556 15
anj 1 1571 1
ank 3 1572 5
ann 4 1584 4
ano 2 1588 11
anp 1 1599 5
ans 7 1605 12
ant 6 1617 20
anw 4 1642 4
any 7 1646 4
apa 2 1851 9
apc 1 1861 2
ape 6 1863 9
aph 1 1873 3
apl 1 1883 5
app 7 1898 3
apr 1 1901 3
apt 1 1912 5
ara 4 1927 16
arc 2 1948 6
ard 5 1954 6
are 15 1960 20
arg 1 1984 3
ari 4 1989 18
ark 12 2007 9
arl 2 2016 6
arm 1 2022 7
aro 3 2034 14
arp 1 2048 5
arr 2 2053 3
ars 5 2056 11
art 16 2067 9
arw 2 2083 3
ary 1 2086 13
asa 7 2099 14
asb 2 2113 7
asc 1 2120 6
asd 1 2126 2
ase 3 2128 18
asf 1 2146 2
ash 5 2149 7
asi 3 2156 17
ask 7 2174 4
asl 1 2178 4
asm 1 2182 6
asn 3 2188 4
aso 6 2192 14
asr 2 2215 3
ass 5 2218 10
ast 21 2228 19
asw 5 2253 4
asy 2 2257 5
ata 4 2262 15
atb 1 2277 5
atc 2 2282 6
atd 1 2288 5
ate 18 2293 15
atf 1 2308 6
ath 12 2317 17
ati 12 2334 17
atl 1 2354 3
atm 3 2357 5
atn 1 2362 3
atp 1 2387 3
ats 4 2396 10
att 15 2406 6
atw 2 2417 5
aty 3 2422 5
aug 4 2450 1
aus 9 2507 9
aut 1 2516 16
ave 43 2540 20
avi 5 2560 3
awa 8 2564 11
awe 1 2582 7
awf 1 2589 2
awh 2 2591 5
axi 1 2629 2
aya 3 2634 8
ayd 1 2652 5
aye 1 2657 8
ayg 1 2668 3
ayh 2 2671 3
ayi 10 2674 11
ayn 2 2691 3
ayo 1 2694 3
ayq 1 2700 1
ayt 2 2709 4
bab 1 1 9
bac 9 10 11
bad 1 21 12
bag 2 37 7
ban 3 76 17
bar 3 101 16
bas 1 117 18
bat 3 135 16
bay 2 161 10
bbe 5 185 18
bbi 1 203 4
bby 1 232 10
bca 1 242 9
bdo 1 404 11
bea 2 456 16
beb 1 472 7
bec 11 479 8
bed 2 487 17
bee 4 504 14
bef 3 518 10
beg 2 528 7
beh 1 535 4
bei 4 539 13
bem 9 568 15
ben 1 583 17
beo 1 600 8
bep 1 608 9
ber 7 618 21
bes 3 639 18
bet 1 657 15
beu 1 672 3
bev 1 675 2
big 1 1018 12
bil 2 1039 12
bis 2 1103 17
biw 1 1139 5
bla 7 1201 13
ble 2 1239 18
blo 4 1301 11
blu 5 1334 3
bly 2 1343 16
bno 1 1588 11
bob 1 1657 6
bom 9 1722 12
boo 3 1750 11
bor 1 1772 17
bot 1 1796 16
bou 16 1812 18
boy 3 1846 4
bra 1 1927 16
bro 1 2034 14
bsa 1 2099 14
bth 1 2317 17
bul 2 2458 6
bup 1 2485 10
bur 3 2495 12
bus 7 2507 9
but 19 2516 16
bwa 1 2564 11
bwi 1 2596 7
bwo 1 2615 5
bya 3 2634 8
byc 1 2647 5
byf 1 2665 3
byg 1 2668 3
byh 2 2671 3
byk 1 2685 2
byr 1 2701 1
bys 1 2702 7
byt 8 2709 4
byw 3 2716 5
cab 2 1 9
cag 1 37 7
cal 2 54 10
cam 1 64 12
can 8 76 17
car 11 101 16
cas 1 117 18
cat 1 135 16
cau 10 151 3
cbu 3 224 5
cci 2 283 10
cea 2 456 16
ceb 2 472 7
cec 1 479 8
ced 2 487 17
cef 1 518 10
ceh 1 535 4
cei 3 539 13
cek 1 554 3
cel 2 557 11
cem 1 568 15
cen 5 583 17
ceo 1 600 8
cep 5 608 9
cer 1 618 21
ces 5 639 18
cet 8 657 15
ceu 1 672 3
cew 1 677 10
cez 3 702 1
cgu 1 864 7
cha 5 874 10
che 8 888 23
chf 1 911 1
chi 8 914 9
chl 1 923 2
chm 3 925 4
cho 7 931 18
chr 2 950 3
cht 2 957 9
chw 1 970 2
cia 1 974 7
cid 2 993 10
cie 1 1003 8
cil 1 1039 12
cin 2 1061 18
cio 2 1079 4
cip 7 1083 8
cir 1 1091 12
cis 1 1103 17
cit 1 1120 15
cka 1 1155 2
ckd 1 1157 1
cke 1 1158 13
cki 5 1171 8
cko 2 1183 3
ckp 2 1186 2
cks 7 1188 6
ckt 5 1194 2
ckw 3 1197 3
cle 4 1239 18
clo 4 1301 11
clu 1 1334 3
cme 1 1384 16
coa 2 1650 7
cob 1 1657 6
cod 3 1670 8
col 3 1712 10
com 10 1722 12
con 10 1734 16
cop 11 1761 10
cor 1 1772 17
cou 11 1812 18
cov 2 1830 2
cra 3 1927 16
cre 2 1960 20
cri 3 1989 18
cro 2 2034 14
cru 2 2076 6
cry 1 2086 13
csp 3 2206 8
cte 2 2293 15
cth 1 2317 17
cti 10 2334 17
ctl 1 2354 3
cto 2 2365 22
ctr 1 2390 6
cts 2 2396 10
ctu 1 2412 4
cue 1 2443 6
cul 1 2458 6
cur 1 2495 12
cwe 1 2582 7
cyc 2 2647 5
dab 1 1 9
dag 2 37 7
dal 4 54 10
dam 1 64 12
dan 6 76 17
dap 1 93 8
dar 3 101 16
dat 2 135 16
daw 1 156 4
day 5 161 10
dba 3 171 9
dbe 5 185 18
dbu 1 224 5
dby 1 232 10
dca 1 242 9
dch 1 273 10
dcl 2 302 3
dcu 1 331 3
dda 1 336 10
ddi 1 375 16
ddo 2 404 11
ddu 1 441 5
dea 2 456 16
dec 1 479 8
ded 3 487 17
dee 1 504 14
def 2 518 10
dei 2 539 13
del 1 557 11
den 3 583 17
der 12 618 21
des 5 639 18
det 3 657 15
dev 2 675 2
dew 1 677 10
dga 2 780 11
dha 4 874 10
dhe 3 888 23
dhi 1 914 9
dia 12 974 7
dic 1 983 10
did 8 993 10
die 3 1003 8
dif 3 1011 7
dig 2 1018 12
dih 1 1030 4
dil 1 1039 12
dim 2 1051 10
din 10 1061 18
dio 1 1079 4
dir 2 1091 12
dis 6 1103 17
dit 3 1120 15
div 1 1137 2
diw 4 1139 5
dju 2 1152 3
dki 1 1171 8
dla 1 1201 13
dle 1 1239 18
dli 3 1267 12
dly 1 1343 16
dma 2 1359 12
dme 2 1384 16
dmy 1 1448 17
dna 1 1465 12
dne 4 1508 19
dno 8 1588 11
dnt 2 1617 20
doc 1 1663 7
doe 3 1678 3
dof 3 1681 18
dog 1 1699 3
dom 3 1722 12
don 9 1734 16
doo 2 1750 11
dot 6 1796 16
dou 4 1812 18
dow 7 1832 13
doz 1 1850 1
dpe 2 1863 9
dpi 1 1876 7
dpl 1 1883 5
dra 3 1927 16
dre 7 1960 20
dri 3 1989 18
dro 2 2034 14
dru 1 2076 6
dsa 5 2099 14
dsc 1 2120 6
dse 2 2128 18
dsh 1 2149 7
dsi 1 2156 17
dsl 2 2178 4
dso 1 2192 14
dsq 1 2214 1
dss 1 2218 10
dst 2 2228 19
dsu 1 2247 6
dta 1 2262 15
dte 1 2293 15
dth 24 2317 17
dti 2 2334 17
dto 9 2365 22
dtr 1 2390 6
dtu 1 2412 4
dud 1 2439 4
dul 1 2458 6
dum 1 2464 7
dun 2 2471 14
dup 3 2485 10
dvo 1 2563 1
dwa 2 2564 11
dwh 2 2591 5
dwi 3 2596 7
dyd 1 2652 5
dye 1 2657 8
dyf 1 2665 3
dym 1 2688 3
dyo 2 2694 3
dyt 1 2709 4
eab 3 1 9
eac 5 10 11
ead 7 21 12
eaf 1 33 4
eag 1 37 7
eai 1 45 7
eak 3 52 2
eal 4 54 10
eam 3 64 12
ean 7 76 17
eap 1 93 8
ear 18 101 16
eas 5 117 18
eat 10 135 16
eav 3 154 2
eaw 1 156 4
eba 6 171 9
ebe 11 185 18
ebi 1 203 4
ebl 5 207 5
ebo 13 213 7
ebu 7 224 5
eby 4 232 10
eca 15 242 9
ece 6 253 19
ech 2 273 10
eci 1 283 10
eck 2 293 9
ecl 2 302 3
eco 15 306 10
ect 8 323 8
eda 9 336 10
edb 3 346 4
edc 3 350 4
edd 2 354 4
ede 5 358 13
edh 1 372 3
edi 13 375 16
edj 1 391 1
edl 1 393 4
edm 1 397 3
edo 9 404 11
edp 2 415 3
edr 1 418 5
eds 3 423 11
edt 20 434 7
edu 3 441 5
edw 3 447 3
eea 1 456 16
eed 4 487 17
eef 1 518 10
eeh 1 535 4
eei 2 539 13
eek 2 554 3
eel 3 557 11
een 9 583 17
eep 2 608 9
eer 2 618 21
ees 2 639 18
eet 5 657 15
eev 1 675 2
eex 2 687 4
efa 1 703 8
efe 2 715 11
eff 2 726 7
efi 2 737 8
efk 1 746 1
efl 2 747 3
efo 7 753 3
efr 5 759 3
eft 2 767 5
efu 5 772 3
ega 2 780 11
egi 3 821 8
egl 1 831 3
ego 7 838 7
egr 3 848 5
egs 1 853 7
egu 2 864 7
eha 5 874 10
ehe 3 888 23
ehi 2 914 9
eho 3 931 18
eia 2 974 7
eic 1 983 10
eid 3 993 10
eif 2 1011 7
eig 1 1018 12
eih 3 1030 4
eik 1 1037 2
eil 1 1039 12
ein 13 1061 18
eir 6 1091 12
eis 9 1103 17
eit 9 1120 15
eiw 3 1139 5
ejo 6 1146 6
eju 2 1152 3
eke 2 1158 13
eki 6 1171 8
ekn 3 1180 3
ela 5 1201 13
ele 4 1239 18
elf 1 1257 6
eli 9 1267 12
ell 13 1281 18
elo 3 1301 11
elp 2 1312 4
els 3 1319 8
elt 1 1327 7
elv 3 1337 2
ely 7 1343 16
ema 10 1359 12
emb 5 1371 8
emc 2 1379 3
emd 1 1382 2
eme 7 1384 16
emf 1 1400 2
emh 1 1403 2
emi 13 1405 10
emo 9 1422 7
emp 1 1429 4
emr 1 1433 3
ems 1 1436 4
emt 3 1440 4
emu 4 1444 4
emy 5 1448 17
ena 8 1465 12
enb 3 1477 6
enc 2 1483 5
end 8 1488 20
ene 4 1508 19
eng 1 1532 21
enh 1 1553 3
eni 19 1556 15
enj 2 1571 1
enl 1 1577 2
enm 4 1579 5
eno 4 1588 11
enp 3 1599 5
ens 1 1605 12
ent 36 1617 20
enu 1 1637 4
enw 2 1642 4
eof 15 1681 18
eoi 1 1704 5
eon 8 1734 16
eop 14 1761 10
eor 2 1772 17
eot 3 1796 16
eou 3 1812 18
eov 4 1830 2
epa 8 1851 9
epe 6 1863 9
eph 2 1873 3
epi 6 1876 7
epl 1 1883 5
epo 11 1890 8
epp 1 1898 3
epr 3 1901 3
ept 3 1912 5
equ 2 1925 2
era 15 1927 16
erb 8 1943 5
erc 3 1948 6
ere 29 1960 20
erf 1 1980 4
erg 1 1984 3
erh 2 1987 2
eri 17 1989 18
erk 1 2007 9
erl 3 2016 6
erm 7 2022 7
ern 4 2029 5
ero 15 2034 14
erp 3 2048 5
err 3 2053 3
ers 16 2056 11
ert 13 2067 9
eru 3 2076 6
erv 1 2082 1
erw 4 2083 3
ery 9 2086 13
esa 12 2099 14
esb 3 2113 7
esc 5 2120 6
ese 5 2128 18
esf 4 2146 2
esh 5 2149 7
esi 9 2156 17
esk 1 2174 4
esl 3 2178 4
esm 2 2182 6
esn 3 2188 4
eso 8 2192 14
esp 1 2206 8
ess 4 2218 10
est 15 2228 19
esu 3 2247 6
esw 7 2253 4
esy 2 2257 5
eta 7 2262 15
etc 3 2282 6
ete 2 2293 15
etf 1 2308 6
eth 44 2317 17
eti 4 2334 17
etl 1 2354 3
etm 1 2357 5
eto 13 2365 22
etr 2 2390 6
ets 1 2396 10
ett 9 2406 6
etu 2 2412 4
etw 3 2417 5
ety 2 2422 5
eun 3 2471 14
eup 5 2485 10
eus 2 2507 9
eva 4 2538 2
eve 20 2540 20
ewa 11 2564 11
ewb 2 2575 4
ewc 2 2579 2
ewe 6 2582 7
ewf 1 2589 2
ewh 7 2591 5
ewi 8 2596 7
ewm 1 2605 2
ewo 5 2615 5
ews 2 2621 3
exa 2 2626 2
exc 2 2628 1
exp 1 2631 1
ext 2 2632 2
eya 1 2634 8
eyb 1 2642 5
eyc 1 2647 5
eyd 5 2652 5
eye 1 2657 8
eyh 2 2671 3
eyo 12 2694 3
eyp 1 2697 3
eys 1 2702 7
eyw 3 2716 5
eyy 1 2721 2
ezo 7 2726 2
fab 1 1 9
fac 4 10 11
fai 1 45 7
fak 2 52 2
fal 2 54 10
fam 2 64 12
fan 1 76 17
faw 1 156 4
fbu 1 224 5
fby 1 232 10
fce 1 253 19
fco 2 306 10
feb 1 472 7
fec 2 479 8
fed 1 487 17
fee 2 504 14
fef 1 518 10
fel 1 557 11
fen 1 583 17
fer 2 618 21
fet 3 657 15
fev 1 675 2
few 3 677 10
ffb 1 711 2
ffe 4 715 11
ffi 2 737 8
ffm 1 750 2
ffr 1 759 3
fft 1 767 5
ffw 2 775 2
fga 1 780 11
fgr 1 848 5
fhi 2 914 9
fho 1 931 18
fic 1 983 10
fig 1 1018 12
fih 1 1030 4
fil 1 1039 12
fin 4 1061 18
fir 6 1091 12
fis 2 1103 17
fit 4 1120 15
fju 1 1152 3
fki 1 1171 8
fla 2 1201 13
fli 3 1267 12
flo 1 1301 11
fme 2 1384 16
fmy 3 1448 17
fno 1 1588 11
foc 1 1663 7
for 23 1772 17
fou 3 1812 18
fpa 2 1851 9
fpe 1 1863 9
fpr 1 1901 3
fra 2 1927 16
fri 2 1989 18
fro 10 2034 14
fsa 1 2099 14
fse 1 2128 18
fsl 3 2178 4
fso 1 2192 14
fst 1 2228 19
fta 1 2262 15
fte 3 2293 15
fth 20 2317 17
ftn 1 2362 3
ftt 1 2406 6
ful 2 2458 6
fun 8 2471 14
fut 1 2516 16
fwh 2 2591 5
fwi 2 2596 7
fye 1 2657 8
fyo 11 2694 3
fzo 1 2726 2
gab 2 1 9
gac 1 10 11
gaf 2 33 4
gag 2 37 7
gai 3 45 7
gal 1 54 10
gam 3 64 12
gan 5 76 17
gas 1 117 18
gat 1 135 16
gav 2 154 2
gbe 1 185 18
gby 3 232 10
gcl 1 302 3
gco 1 306 10
gdo 2 404 11
gec 1 479 8
ged 1 487 17
gef 1 518 10
gei 3 539 13
gel 1 557 11
gen 1 583 17
geo 3 600 8
ger 10 618 21
ges 1 639 18
get 7 657 15
gex 1 687 4
gfa 1 703 8
gfi 1 737 8
gfo 5 753 3
gfr 2 759 3
gge 1 796 11
ggi 1 821 8
gha 2 874 10
ghb 1 884 2
ghe 1 888 23
ghh 1 912 2
ghi 1 914 9
ghs 1 953 4
ght 24 957 9
ghy 1 972 2
gia 1 974 7
gih 1 1030 4
gin 8 1061 18
gir 5 1091 12
gis 1 1103 17
git 4 1120 15
giv 2 1137 2
giw 1 1139 5
gju 1 1152 3
gki 1 1171 8
gla 1 1201 13
gli 1 1267 12
glo 2 1301 11
gma 1 1359 12
gme 1 1384 16
gmy 2 1448 17
gno 2 1588 11
gof 4 1681 18
goi 2 1704 5
gol 1 1712 10
goo 6 1750 11
gor 1 1772 17
got 5 1796 16
gou 2 1812 18
gpa 1 1851 9
gpe 1 1863 9
gpr 1 1901 3
gra 2 1927 16
gre 1 1960 20
gri 1 1989 18
gro 5 2034 14
gry 2 2086 13
gsc 1 2120 6
gsh 1 2149 7
gsi 1 2156 17
gsn 1 2188 4
gso 4 2192 14
gst 3 2228 19
gsu 1 2247 6
gta 1 2262 15
gth 12 2317 17
gti 1 2334 17
gto 5 2365 22
gua 1 2427 4
gui 1 2453 4
gul 1 2458 6
gun 7 2471 14
gup 2 2485 10
gur 1 2495 12
guy 1 2537 1
gwh 2 2591 5
gwi 3 2596 7
gyo 2 2694 3
hab 2 1 9
had 6 21 12
hag 1 37 7
hak 2 52 2
hal 22 54 10
han 12 76 17
hap 6 93 8
has 4 117 18
hat 28 135 16
hav 34 154 2
hba 1 171 9
hbe 1 185 18
hcr 1 316 6
hde 1 358 13
hea 6 456 16
heb 21 472 7
hec 18 479 8
hed 10 487 17
hee 5 504 14
hef 6 518 10
heg 7 528 7
heh 2 535 4
hei 7 539 13
hej 1 552 2
hek 4 554 3
hel 10 557 11
hem 36 568 15
hen 28 583 17
heo 6 600 8
hep 25 608 9
her 47 618 21
hes 16 639 18
het 8 657 15
hev 4 675 2
hew 14 677 10
hey 15 691 11
hez 4 702 1
hfu 1 772 3
hha 1 874 10
hhi 3 914 9
hic 2 983 10
hig 1 1018 12
hil 10 1039 12
him 3 1051 10
hin 26 1061 18
hir 3 1091 12
his 32 1103 17
hit 4 1120 15
hiu 1 1135 2
hli 1 1267 12
hlo 1 1301 11
hma 3 1359 12
hme 1 1384 16
hmo 1 1422 7
hmy 1 1448 17
hni 1 1556 15
hno 1 1588 11
hoa 2 1650 7
hob 1 1657 6
hoc 1 1663 7
hod 3 1670 8
hoe 1 1678 3
hof 1 1681 18
hoh 1 1702 2
hoi 2 1704 5
hol 4 1712 10
hom 2 1722 12
hon 5 1734 16
hoo 8 1750 11
hop 4 1761 10
hor 2 1772 17
hos 2 1789 7
hot 6 1796 16
hou 7 1812 18
how 9 1832 13
hpo 1 1890 8
hra 1 1927 16
hri 3 1989 18
hro 1 2034 14
hsa 2 2099 14
hsb 1 2113 7
hso 1 2192 14
hsq 1 2214 1
hta 3 2262 15
htb 1 2277 5
hth 10 2317 17
hti 6 2334 17
htm 1 2357 5
hto 5 2365 22
hts 3 2396 10
htt 4 2406 6
htw 2 2417 5
hum 2 2464 7
hun 2 2471 14
hus 2 2507 9
hvi 1 2560 3
hwe 1 2582 7
hwo 1 2615 5
hyi 1 2674 11
hyo 2 2694 3
iab 1 1 9
iac 9 10 11
ial 2 54 10
iam 9 64 12
ian 4 76 17
iar 1 101 16
ias 2 117 18
ibe 3 185 18
ibl 2 207 5
ica 2 242 9
ice 21 253 19
icg 1 272 1
ich 2 273 10
ici 3 283 10
ick 1 293 9
icm 1 305 1
ico 4 306 10
ict 6 323 8
icu 1 331 3
ida 2 336 10
idb 1 346 4
idd 1 354 4
ide 7 358 13
idi 10 375 16
idn 5 400 4
ido 2 404 11
idr 2 418 5
idw 1 447 3
idy 1 450 6
iec 2 479 8
ied 2 487 17
iei 1 539 13
ien 3 583 17
ieo 1 600 8
ies 5 639 18
iet 3 657 15
iew 1 677 10
ife 4 715 11
iff 2 726 7
ifi 5 737 8
ifn 1 752 1
ifo 1 753 3
ift 2 767 5
ify 8 777 2
iga 2 780 11
igc 1 793 2
igd 1 795 1
ige 1 796 11
igg 1 811 2
igh 18 813 8
igi 5 821 8
ign 1 837 1
igo 1 838 7
igs 1 853 7
igt 1 860 4
igu 1 864 7
iha 11 874 10
ihi 1 914 9
iho 4 931 18
ihu 1 966 3
iii 2 1034 3
iil 1 1039 12
iiw 1 1139 5
ike 11 1158 13
iki 4 1171 8
ila 2 1201 13
ild 7 1223 16
ile 5 1239 18
ilf 1 1257 6
ilh 1 1264 3
ili 6 1267 12
ill 46 1281 18
iln 1 1299 2
ilo 4 1301 11
ils 3 1319 8
ilt 1 1327 7
ily 1 1343 16
ima 2 1359 12
imc 1 1379 3
ime 5 1384 16
img 1 1402 1
imh 1 1403 2
imi 5 1405 10
imm 1 1415 4
imo 2 1422 7
imp 2 1429 4
ims 2 1436 4
ina 8 1465 12
inb 2 1477 6
inc 6 1483 5
ind 6 1488 20
ine 10 1508 19
inf 2 1527 5
ing 95 1532 21
ini 2 1556 15
ink 7 1572 5
inm 6 1579 5
ino 4 1588 11
inp 3 1599 5
ins 3 1605 12
int 34 1617 20
inu 2 1637 4
inv 2 1641 1
inw 1 1642 4
iny 3 1646 4
iol 1 1712 10
ion 6 1734 16
iot 1 1796 16
iou 3 1812 18
ipe 2 1863 9
ipg 1 1872 1
iph 7 1873 3
ipi 1 1876 7
ipr 1 1901 3
ips 1 1904 8
ipt 1 1912 5
ipu 1 1917 2
ira 1 1927 16
irc 2 1948 6
ird 1 1954 6
ire 9 1960 20
iri 1 1989 18
irl 5 2016 6
irm 2 2022 7
irn 1 2029 5
irp 2 2048 5
irr 1 2053 3
irs 1 2056 11
irt 4 2067 9
isa 10 2099 14
isb 5 2113 7
isc 9 2120 6
ise 9 2128 18
isf 1 2146 2
isg 1 2148 1
ish 24 2149 7
isi 10 2156 17
isl 1 2178 4
ism 5 2182 6
isn 3 2188 4
iso 5 2192 14
isp 3 2206 8
isr 2 2215 3
iss 15 2218 10
ist 26 2228 19
isw 1 2253 4
ita 4 2262 15
itc 2 2282 6
ite 5 2293 15
ith 27 2317 17
iti 15 2334 17
itj 1 2351 1
itm 3 2357 5
itn 1 2362 3
ito 3 2365 22
itr 3 2390 6
its 2 2396 10
itt 8 2406 6
itu 1 2412 4
itw 8 2417 5
ity 2 2422 5
ium 1 2464 7
ius 1 2507 9
iva 1 2538 2
ive 14 2540 20
iwa 10 2564 11
iwe 1 2582 7
iwi 8 2596 7
iwo 3 2615 5
iwr 1 2620 1
ize 1 2724 2
izo 1 2726 2
joc 2 1663 7
joi 1 1704 5
jop 1 1761 10
jos 1 1789 7
jot 2 1796 16
joy 2 1846 4
jud 1 2439 4
jul 1 2458 6
jus 6 2507 9
kab 1 1 9
kah 1 44 1
kdo 1 404 11
kea 2 456 16
kec 1 479 8
ked 8 487 17
kee 2 504 14
keh 2 535 4
kek 1 554 3
kem 2 568 15
ken 5 583 17
keo 2 600 8
kep 1 608 9
ker 1 618 21
ket 7 657 15
kew 1 677 10
kia 1 974 7
kid 2 993 10
kih 1 1030 4
kil 21 1039 12
kim 2 1051 10
kin 11 1061 18
kis 2 1103 17
kit 1 1120 15
kli 2 1267 12
kne 2 1508 19
kni 1 1556 15
kno 3 1588 11
kof 3 1681 18
kon 1 1734 16
kor 1 1772 17
kpo 1 1890 8
kpr 2 1901 3
kse 1 2128 18
ksh 1 2149 7
ksi 2 2156 17
kso 3 2192 14
ksp 1 2206 8
kst 2 2228 19
kth 7 2317 17
kto 4 2365 22
kup 1 2485 10
kwa 1 2564 11
kwh 1 2591 5
kwi 2 2596 7
kyo 3 2694 3
lab 1 1 9
lac 6 10 11
lad 1 21 12
lag 2 37 7
lai 1 45 7
lak 1 52 2
lan 3 76 17
lar 1 101 16
las 10 117 18
lat 2 135 16
lau 3 151 3
lav 6 154 2
lay 2 161 10
lbe 6 185 18
lbi 1 203 4
lbo 1 213 7
lbu 2 224 5
lby 1 232 10
lca 1 242 9
lch 4 273 10
lco 1 306 10
lcr 1 316 6
ldb 5 346 4
ldc 1 350 4
ldd 1 354 4
lde 1 358 13
ldg 1 371 1
ldh 4 372 3
ldi 2 375 16
ldl 2 393 4
ldm 1 397 3
ldn 5 400 4
ldo 1 404 11
ldr 4 418 5
lds 2 423 11
ldt 1 434 7
ldu 1 441 5
ldy 1 450 6
lea 7 456 16
leb 2 472 7
lec 4 479 8
led 12 487 17
lef 2 518 10
leg 1 528 7
leh 1 535 4
lei 4 539 13
lej 6 552 2
lel 3 557 11
len 1 583 17
leo 3 600 8
ler 2 618 21
les 4 639 18
let 7 657 15
lev 3 675 2
lew 5 677 10
ley 2 691 11
lfa 1 703 8
lfc 1 713 2
lfl 1 747 3
lfo 1 753 3
lfs 1 762 5
lfu 1 772 3
lgo 1 838 7
lha 6 874 10
lho 1 931 18
lhu 1 966 3
lia 1 974 7
lic 13 983 10
lie 4 1003 8
lif 2 1011 7
lig 5 1018 12
lih 1 1030 4
lik 10 1037 2
lin 18 1061 18
lis 8 1103 17
lit 7 1120 15
liv 2 1137 2
liz 1 1144 2
lke 1 1158 13
lki 2 1171 8
lla 3 1201 13
llb 8 1214 5
llc 4 1219 4
lld 2 1223 16
lle 22 1239 18
llf 1 1257 6
llg 1 1263 1
llh 6 1264 3
lli 20 1267 12
lll 6 1281 18
lln 7 1299 2
llo 9 1301 11
llp 5 1312 4
llr 4 1316 3
lls 9 1319 8
llt 11 1327 7
llw 3 1339 4
lly 8 1343 16
lne 3 1508 19
lno 5 1588 11
loc 5 1663 7
lof 4 1681 18
lon 11 1734 16
loo 7 1750 11
lop 1 1761 10
lor 4 1772 17
los 2 1789 7
lot 2 1796 16
lou 1 1812 18
lov 1 1830 2
low 5 1832 13
lpb 1 1860 1
lpe 4 1863 9
lpm 1 1888 2
lpo 1 1890 8
lra 1 1927 16
lre 2 1960 20
lru 2 2076 6
lsa 3 2099 14
lsc 1 2120 6
lse 4 2128 18
lsh 2 2149 7
lsi 1 2156 17
lsk 1 2174 4
lso 2 2192 14
lst 3 2228 19
ltb 1 2277 5
lte 1 2293 15
lth 8 2317 17
lti 1 2334 17
lto 3 2365 22
ltr 1 2390 6
ltt 1 2406 6
lub 1 2431 3
lue 4 2443 6
luf 1 2449 1
lve 1 2540 20
lvi 2 2560 3
lwa 2 2564 11
lwe 1 2582 7
lwh 1 2591 5
lwi 2 2596 7
lya 2 2634 8
lyb 1 2642 5
lyc 1 2647 5
lyd 4 2652 5
lye 1 2657 8
lyg 1 2668 3
lyi 5 2674 11
lyl 1 2687 1
lym 1 2688 3
lyn 1 2691 3
lyo 3 2694 3
lys 4 2702 7
lyt 2 2709 4
lyv 1 2714 2
lyw 4 2716 5
lyy 1 2721 2
mac 3 10 11
mad 1 21 12
maf 1 33 4
mai 3 45 7
mak 2 52 2
mal 4 54 10
man 8 76 17
map 2 93 8
mar 2 101 16
mas 6 117 18
mat 3 135 16
may 1 161 10
mba 3 171 9
mbb 1 180 3
mbc 1 183 1
mbe 5 185 18
mbi 2 203 4
mbs 1 222 1
mbu 1 224 5
mbw 3 229 3
mca 1 242 9
mch 1 273 10
mcr 1 316 6
mdo 1 404 11
mdr 1 418 5
mea 3 456 16
meb 7 472 7
mec 2 479 8
med 2 487 17
mef 3 518 10
mei 8 539 13
mel 4 557 11
mem 3 568 15
men 9 583 17
meo 5 600 8
mer 1 618 21
mes 5 639 18
met 8 657 15
meu 1 672 3
mev 1 675 2
mew 3 677 10
mfi 1 737 8
mfo 1 753 3
mgo 1 838 7
mha 1 874 10
mhe 1 888 23
mia 1 974 7
mic 1 983 10
mid 1 993 10
mif 1 1011 7
mig 3 1018 12
mil 2 1039 12
min 9 1061 18
mis 11 1103 17
mit 3 1120 15
miw 1 1139 5
mme 1 1384 16
mmi 2 1405 10
mmo 2 1422 7
mmu 1 1444 4
mni 1 1556 15
mnt 1 1617 20
mnu 1 1637 4
mof 1 1681 18
mom 1 1722 12
mon 6 1734 16
mor 9 1772 17
mos 5 1789 7
mot 4 1796 16
mov 2 1830 2
mpa 2 1851 9
mpe 1 1863 9
mpl 6 1883 5
mpr 1 1901 3
mra 1 1927 16
mre 1 1960 20
mru 1 2076 6
msc 1 2120 6
msi 1 2156 17
mso 1 2192 14
msu 1 2247 6
mtd 1 2288 5
mth 6 2317 17
mto 2 2365 22
mtw 1 2417 5
muc 5 2434 5
mup 1 2485 10
mur 3 2495 12
mus 3 2507 9
mya 2 2634 8
myb 5 2642 5
myc 5 2647 5
myd 1 2652 5
mye 1 2657 8
myf 1 2665 3
myg 1 2668 3
myh 1 2671 3
myi 1 2674 11
myk 2 2685 2
mym 2 2688 3
myn 3 2691 3
myo 1 2694 3
mys 4 2702 7
myt 4 2709 4
myv 1 2714 2
myw 1 2716 5
nab 1 1 9
nad 2 21 12
naf 1 33 4
nag 2 37 7
nai 1 45 7
nak 2 52 2
nal 4 54 10
nam 5 64 12
nan 7 76 17
nap 2 93 8
nar 2 101 16
nas 3 117 18
nba 3 171 9
nbe 3 185 18
nbl 1 207 5
nbo 1 213 7
nbu 2 224 5
nby 2 232 10
nca 1 242 9
nce 6 253 19
nch 3 273 10
nci 3 283 10
nco 2 306 10
nda 6 336 10
ndb 1 346 4
ndc 1 350 4
ndd 1 354 4
nde 10 358 13
ndg 1 371 1
ndh 2 372 3
ndi 7 375 16
ndk 1 392 1
ndl 2 393 4
ndm 3 397 3
ndn 1 400 4
ndo 3 404 11
ndr 1 418 5
nds 7 423 11
ndt 14 434 7
ndu 2 441 5
ndv 1 446 1
ndw 3 447 3
ndy 1 450 6
nea 6 456 16
neb 4 472 7
nec 2 479 8
ned 4 487 17
nee 9 504 14
neg 1 528 7
nei 5 539 13
nel 2 557 11
nem 1 568 15
neo 6 600 8
nep 1 608 9
ner 3 618 21
nes 2 639 18
net 1 657 15
neu 1 672 3
nev 9 675 2
new 7 677 10
nex 1 687 4
ney 1 691 11
nfa 1 703 8
nfi 1 737 8
nfl 1 747 3
nfo 1 753 3
nfr 1 759 3
nga 11 780 11
ngb 4 791 2
ngc 1 793 2
ngd 1 795 1
nge 15 796 11
ngf 9 807 4
ngg 1 811 2
ngh 2 813 8
ngi 11 821 8
ngj 1 829 1
ngk 1 830 1
ngl 3 831 3
ngm 4 834 3
ngo 5 838 7
ngp 3 845 3
ngr 4 848 5
ngs 8 853 7
ngt 18 860 4
ngu 3 864 7
ngw 5 871 2
ngy 2 873 1
nha 1 874 10
nhe 2 888 23
nhi 1 914 9
nia 1 974 7
nib 1 981 2
nic 8 983 10
nid 2 993 10
nie 1 1003 8
nif 4 1011 7
nig 6 1018 12
nih 3 1030 4
nik 1 1037 2
nil 1 1039 12
nin 12 1061 18
nis 7 1103 17
nit 2 1120 15
niu 1 1135 2
niw 2 1139 5
njo 3 1146 6
nki 4 1171 8
nks 2 1188 6
nkt 1 1194 2
nku 1 1196 1
nky 2 1200 1
nli 1 1267 12
nly 4 1343 16
nma 2 1359 12
nme 2 1384 16
nmo 2 1422 7
nmu 1 1444 4
nmy 6 1448 17
nne 1 1508 19
nni 2 1556 15
nno 4 1588 11
nny 1 1646 4
nof 3 1681 18
noi 1 1704 5
nol 1 1712 10
non 7 1734 16
noo 2 1750 11
noq 1 1771 1
nor 5 1772 17
nos 1 1789 7
not 23 1796 16
nou 2 1812 18
now 8 1832 13
npa 5 1851 9
npe 2 1863 9
npi 1 1876 7
npl 1 1883 5
npo 1 1890 8
nra 1 1927 16
nsa 1 2099 14
nse 2 2128 18
nsh 3 2149 7
nsi 9 2156 17
nsl 1 2178 4
nso 3 2192 14
nsp 2 2206 8
nsr 1 2215 3
nss 1 2218 10
nst 4 2228 19
nsw 3 2253 4
nsy 1 2257 5
nta 4 2262 15
ntb 2 2277 5
ntc 3 2282 6
ntd 2 2288 5
nte 5 2293 15
ntf 2 2308 6
ntg 2 2314 3
nth 49 2317 17
nti 14 2334 17
ntl 2 2354 3
ntm 2 2357 5
ntn 1 2362 3
nto 12 2365 22
ntp 3 2387 3
ntr 6 2390 6
nts 3 2396 10
ntt 7 2406 6
ntu 1 2412 4
ntw 1 2417 5
nty 3 2422 5
nua 1 2427 4
nuc 1 2434 5
num 1 2464 7
nun 2 2471 14
nva 2 2538 2
nwa 1 2564 11
nwe 2 2582 7
nwh 4 2591 5
nwi 4 2596 7
nyf 1 2665 3
nyo 7 2694 3
nys 1 2702 7
nyt 3 2709 4
oab 1 1 9
oad 2 21 12
oag 1 37 7
oan 1 76 17
oar 2 101 16
oas 2 117 18
oat 2 135 16
oba 2 171 9
obb 1 180 3
obe 3 185 18
obl 1 207 5
obo 1 213 7
obu 1 224 5
och 1 273 10
oci 1 283 10
ock 5 293 9
ocl 1 302 3
oco 5 306 10
ocr 1 316 6
oct 1 323 8
oda 1 336 10
ode 5 358 13
odi 13 375 16
odl 1 393 4
odo 3 404 11
odr 2 418 5
ods 1 423 11
odt 2 434 7
oea 1 456 16
oef 1 518 10
oes 3 639 18
ofa 7 703 8
ofb 1 711 2
ofc 2 713 2
ofe 1 715 11
off 7 726 7
ofg 2 733 2
ofh 3 735 2
ofi 4 737 8
ofj 1 745 1
ofl 2 747 3
ofm 4 750 2
ofo 1 753 3
ofp 4 756 3
ofs 6 762 5
oft 17 767 5
ofw 2 775 2
ofy 4 777 2
ofz 1 779 1
oge 1 796 11
ogr 1 848 5
ogs 1 853 7
oha 4 874 10
oho 3 931 18
oik 1 1037 2
oil 3 1039 12
oin 5 1061 18
oip 1 1083 8
ois 4 1103 17
oke 3 1158 13
oki 3 1171 8
okl 2 1179 1
ola 1 1201 13
olb 2 1214 5
olc 2 1219 4
old 4 1223 16
ole 2 1239 18
olf 2 1257 6
oli 12 1267 12
oll 4 1281 18
olo 4 1301 11
ols 1 1319 8
oma 3 1359 12
omb 9 1371 8
ome 22 1384 16
omi 6 1405 10
omm 1 1415 4
omn 1 1419 3
omo 2 1422 7
omp 4 1429 4
oms 1 1436 4
omt 2 1440 4
omu 1 1444 4
omy 6 1448 17
ona 3 1465 12
onb 1 1477 6
onc 2 1483 5
ond 3 1488 20
one 31 1508 19
ong 4 1532 21
onh 2 1553 3
oni 2 1556 15
onl 3 1577 2
onm 3 1579 5
onn 1 1584 4
ono 8 1588 11
onp 3 1599 5
ons 15 1605 12
ont 32 1617 20
ony 1 1646 4
oob 1 1657 6
ooc 1 1663 7
ood 4 1670 8
oof 3 1681 18
ook 5 1709 3
ool 7 1712 10
oom 1 1722 12
oon 2 1734 16
oor 3 1772 17
oos 2 1789 7
oot 4 1796 16
opa 2 1851 9
opc 2 1861 2
ope 9 1863 9
opl 13 1883 5
opm 1 1888 2
opo 1 1890 8
opr 6 1901 3
ops 7 1904 8
opt 3 1912 5
opu 1 1917 2
oqu 2 1925 2
ora 5 1927 16
orc 3 1948 6
ord 2 1954 6
ore 13 1960 20
orf 1 1980 4
org 3 1984 3
orh 1 1987 2
ori 6 1989 18
ork 3 2007 9
orm 6 2022 7
orn 5 2029 5
orr 1 2053 3
ors 3 2056 11
ort 11 2067 9
oru 1 2076 6
orw 2 2083 3
ory 2 2086 13
ose 8 2128 18
osh 1 2149 7
osi 4 2156 17
osl 1 2178 4
oss 2 2218 10
ost 6 2228 19
osu 2 2247 6
ota 6 2262 15
otb 1 2277 5
otc 2 2282 6
ote 1 2293 15
otg 2 2314 3
oth 27 2317 17
oti 6 2334 17
otk 1 2352 2
otl 1 2354 3
otm 1 2357 5
oto 11 2365 22
otp 1 2387 3
otr 3 2390 6
ots 1 2396 10
ott 5 2406 6
otw 5 2417 5
oua 3 2427 4
oub 1 2431 3
ouc 4 2434 5
oud 8 2439 4
oue 2 2443 6
oug 8 2450 1
ouh 4 2451 2
oui 1 2453 4
ouk 1 2457 1
oul 21 2458 6
oum 3 2464 7
oun 12 2471 14
oup 7 2485 10
our 12 2495 12
ous 5 2507 9
out 35 2516 16
ouu 1 2532 1
ouw 11 2533 4
ove 15 2540 20
ovi 1 2560 3
owa 5 2564 11
owb 2 2575 4
owd 1 2581 1
owe 5 2582 7
owh 2 2591 5
owi 6 2596 7
owl 2 2603 2
owm 1 2605 2
own 12 2607 8
owo 2 2615 5
owr 1 2620 1
ows 2 2621 3
oww 2 2624 2
oxi 1 2629 2
oyn 1 2691 3
oyo 3 2694 3
oyw 3 2716 5
oyy 1 2721 2
oze 1 2724 2
pab 1 1 9
pac 1 10 11
paf 1 33 4
pag 5 37 7
pai 1 45 7
pap 3 93 8
par 17 101 16
pas 1 117 18
pat 1 135 16
pbe 1 185 18
pca 2 242 9
pco 2 306 10
pea 6 456 16
ped 4 487 17
pee 1 504 14
pen 5 583 17
peo 16 600 8
pep 1 608 9
per 9 618 21
pet 1 657 15
pey 4 691 11
pgu 1 864 7
phe 8 888 23
pho 2 931 18
phs 1 953 4
pia 2 974 7
pic 4 983 10
pie 2 1003 8
pif 1 1011 7
pig 4 1018 12
pin 3 1061 18
pis 1 1103 17
pla 5 1201 13
ple 20 1239 18
pli 4 1267 12
plo 1 1301 11
ply 2 1343 16
pme 1 1384 16
pmy 1 1448 17
pof 1 1681 18
poi 2 1704 5
pol 11 1712 10
pon 3 1734 16
por 1 1772 17
pos 2 1789 7
pot 2 1796 16
pow 3 1832 13
ppe 3 1863 9
ppl 1 1883 5
ppy 5 1921 4
pra 2 1927 16
pri 9 1989 18
pro 10 2034 14
psa 1 2099 14
pse 1 2128 18
pso 1 2192 14
psp 2 2206 8
psq 1 2214 1
pss 1 2218 10
pst 2 2228 19
psw 1 2253 4
pte 1 2293 15
pth 6 2317 17
pti 1 2334 17
pto 4 2365 22
ptt 1 2406 6
pul 2 2458 6
pun 2 2471 14
pwh 1 2591 5
pwi 1 2596 7
pyb 1 2642 5
pyc 1 2647 5
pyi 1 2674 11
pyt 2 2709 4
que 2 2443 6
qui 6 2453 4
rab 1 1 9
rac 8 10 11
rad 4 21 12
raf 1 33 4
rag 1 37 7
rai 3 45 7
ram 1 64 12
ran 12 76 17
rap 2 93 8
rar 2 101 16
ras 4 117 18
rat 8 135 16
rau 1 151 3
rav 1 154 2
raw 2 156 4
ray 1 161 10
rba 1 171 9
rbe 2 185 18
rbo 1 213 7
rbu 2 224 5
rby 3 232 10
rca 4 242 9
rce 1 253 19
rch 2 273 10
rcl 1 302 3
rcr 1 316 6
rcy 2 335 1
rda 1 336 10
rde 4 358 13
rdo 1 404 11
rdp 2 415 3
rdr 1 418 5
rds 2 423 11
rea 12 456 16
reb 3 472 7
rec 2 479 8
red 8 487 17
ree 2 504 14
ref 2 518 10
reg 2 528 7
rei 7 539 13
rel 4 557 11
rem 3 568 15
ren 7 583 17
reo 1 600 8
rep 1 608 9
req 2 617 1
rer 4 618 21
res 12 639 18
ret 9 657 15
reu 3 672 3
rew 6 677 10
rey 2 691 11
rfa 1 703 8
rfo 1 753 3
rfr 1 759 3
rfu 1 772 3
rga 2 780 11
rge 2 796 11
rgr 1 848 5
rhe 3 888 23
rho 1 931 18
ria 1 974 7
rib 3 981 2
ric 2 983 10
rid 4 993 10
rie 4 1003 8
rif 1 1011 7
rig 5 1018 12
rih 1 1030 4
rik 1 1037 2
ril 3 1039 12
rin 19 1061 18
rio 1 1079 4
rip 1 1083 8
ris 7 1103 17
rit 4 1120 15
riv 4 1137 2
riw 1 1139 5
riz 1 1144 2
rka 1 1155 2
rke 5 1158 13
rki 2 1171 8
rko 1 1183 3
rkp 1 1186 2
rks 1 1188 6
rkt 3 1194 2
rkw 1 1197 3
rky 1 1200 1
rle 1 1239 18
rli 1 1267 12
rlo 1 1301 11
rlt 1 1327 7
rlw 3 1339 4
rly 3 1343 16
rma 2 1359 12
rme 6 1384 16
rmi 2 1405 10
rmo 3 1422 7
rmt 1 1440 4
rmu 1 1444 4
rmy 1 1448 17
rna 1 1465 12
rne 3 1508 19
rni 6 1556 15
rno 3 1588 11
rns 1 1605 12
roa 3 1650 7
rob 1 1657 6
roc 1 1663 7
rof 5 1681 18
rol 4 1712 10
rom 7 1722 12
ron 7 1734 16
roo 2 1750 11
rop 2 1761 10
ros 2 1789 7
rou 11 1812 18
rov 6 1830 2
row 4 1832 13
rox 1 1845 1
rpa 2 1851 9
rpi 1 1876 7
rpl 2 1883 5
rpr 1 1901 3
rpu 1 1917 2
rre 2 1960 20
rri 5 1989 18
rro 2 2034 14
rsa 1 2099 14
rsc 1 2120 6
rsd 1 2126 2
rse 2 2128 18
rsh 2 2149 7
rsi 2 2156 17
rsl 1 2178 4
rso 8 2192 14
rss 3 2218 10
rst 5 2228 19
rsw 2 2253 4
rte 2 2293 15
rth 22 2317 17
rti 6 2334 17
rtm 1 2357 5
rto 7 2365 22
rtr 1 2390 6
rts 3 2396 10
rtt 1 2406 6
rtu 1 2412 4
rub 3 2431 3
ruc 1 2434 5
rui 1 2453 4
run 5 2471 14
rup 1 2485 10
rus 1 2507 9
rve 1 2540 20
rwa 3 2564 11
rwe 1 2582 7
rwh 4 2591 5
rya 1 2634 8
ryb 2 2642 5
ryc 1 2647 5
ryd 1 2652 5
rye 1 2657 8
ryh 1 2671 3
ryi 2 2674 11
ryo 2 2694 3
ryp 1 2697 3
ryt 4 2709 4
ryu 1 2713 1
ryv 1 2714 2
ryw 1 2716 5
sab 4 1 9
sac 1 10 11
sad 1 21 12
saf 1 33 4
sai 1 45 7
sal 8 54 10
sam 2 64 12
san 11 76 17
sap 1 93 8
sar 1 101 16
sas 4 117 18
sat 6 135 16
saw 4 156 4
say 3 161 10
sba 2 171 9
sbe 4 185 18
sbl 2 207 5
sbo 3 213 7
sbr 1 220 2
sbu 4 224 5
sby 1 232 10
sca 1 242 9
sce 1 253 19
sch 6 273 10
sci 5 283 10
sco 6 306 10
scr 5 316 6
sde 1 358 13
sdr 1 418 5
sea 7 456 16
seb 1 472 7
sec 3 479 8
sed 12 487 17
see 7 504 14
seh 2 535 4
sei 5 539 13
sel 2 557 11
sem 2 568 15
sen 3 583 17
seo 1 600 8
ser 3 618 21
ses 4 639 18
set 11 657 15
sev 1 675 2
sew 2 677 10
sex 1 687 4
sey 2 691 11
sfe 2 715 11
sfo 5 753 3
sgu 1 864 7
sha 25 874 10
she 7 888 23
shi 7 914 9
shl 1 923 2
sho 13 931 18
sht 1 957 9
shy 1 972 2
sia 2 974 7
sib 1 981 2
sid 4 993 10
sif 2 1011 7
sig 2 1018 12
sih 1 1030 4
sii 1 1034 3
sik 1 1037 2
sil 1 1039 12
sim 1 1051 10
sin 10 1061 18
sip 1 1083 8
sir 1 1091 12
sis 12 1103 17
sit 5 1120 15
siv 1 1137 2
siw 5 1139 5
sju 1 1152 3
ske 2 1158 13
ski 3 1171 8
sko 2 1183 3
skt 2 1194 2
sla 8 1201 13
sle 2 1239 18
sli 4 1267 12
slo 4 1301 11
sma 2 1359 12
sme 1 1384 16
smo 2 1422 7
smr 1 1433 3
smu 1 1444 4
smy 1 1448 17
sna 1 1465 12
sne 2 1508 19
sno 3 1588 11
snt 4 1617 20
soa 2 1650 7
soc 1 1663 7
sod 1 1670 8
sof 13 1681 18
soi 4 1704 5
sol 1 1712 10
som 16 1722 12
son 8 1734 16
soq 1 1771 1
sor 3 1772 17
sos 1 1789 7
sot 1 1796 16
sou 4 1812 18
sow 1 1832 13
spa 2 1851 9
spe 4 1863 9
sph 1 1873 3
spi 1 1876 7
spl 2 1883 5
spo 3 1890 8
spr 1 1901 3
spu 1 1917 2
squ 3 1925 2
sra 3 1927 16
sro 1 2034 14
sru 1 2076 6
ssb 1 2113 7
sse 14 2128 18
ssh 5 2149 7
ssi 2 2156 17
ssl 1 2178 4
sso 6 2192 14
ssp 2 2206 8
ssu 2 2247 6
ssw 2 2253 4
ssy 1 2257 5
sta 13 2262 15
stb 2 2277 5
stc 3 2282 6
std 3 2288 5
ste 7 2293 15
stf 1 2308 6
stg 1 2314 3
sth 27 2317 17
sti 7 2334 17
stl 1 2354 3
stm 2 2357 5
stn 4 2362 3
sto 10 2365 22
stp 3 2387 3
str 3 2390 6
sts 5 2396 10
stt 6 2406 6
stw 1 2417 5
sty 4 2422 5
suc 1 2434 5
sum 1 2464 7
sun 2 2471 14
sup 2 2485 10
sur 3 2495 12
sus 1 2507 9
swa 5 2564 11
swe 4 2582 7
swh 11 2591 5
swi 4 2596 7
sye 1 2657 8
syi 1 2674 11
syo 4 2694 3
sys 1 2702 7
syw 1 2716 5
tab 1 1 9
tad 1 21 12
tag 1 37 7
tai 3 45 7
tak 4 52 2
tal 6 54 10
tam 1 64 12
tan 7 76 17
tap 2 93 8
tar 5 101 16
tas 2 117 18
tat 8 135 16
tav 1 154 2
taw 3 156 4
tax 1 160 1
tba 1 171 9
tbe 4 185 18
tbl 1 207 5
tbu 1 224 5
tby 2 232 10
tch 5 273 10
tci 1 283 10
tco 6 306 10
tcr 1 316 6
tct 1 323 8
tcw 1 334 1
tda 1 336 10
tde 1 358 13
tdi 1 375 16
tdo 3 404 11
tdr 1 418 5
tea 2 456 16
ted 5 487 17
tee 2 504 14
tef 2 518 10
tei 1 539 13
tel 9 557 11
tem 2 568 15
ten 6 583 17
teo 1 600 8
tep 1 608 9
ter 17 618 21
tes 8 639 18
tet 1 657 15
teu 1 672 3
tex 2 687 4
tfa 1 703 8
tfi 2 737 8
tfo 4 753 3
tfr 2 759 3
tft 1 767 5
tfu 1 772 3
tge 2 796 11
tgi 2 821 8
tgo 1 838 7
tha 34 874 10
thb 1 884 2
thc 1 886 1
thd 1 887 1
the 244 888 23
thh 3 912 2
thi 50 914 9
thm 3 925 4
thn 2 929 2
tho 5 931 18
thp 1 949 1
thr 3 950 3
ths 3 953 4
tht 8 957 9
thu 4 966 3
thv 1 969 1
thw 1 970 2
tia 2 974 7
tic 4 983 10
tid 2 993 10
tie 1 1003 8
tif 4 1011 7
tig 2 1018 12
tih 3 1030 4
til 5 1039 12
tim 10 1051 10
tin 24 1061 18
tio 6 1079 4
tip 2 1083 8
tir 3 1091 12
tis 13 1103 17
tit 7 1120 15
tiv 5 1137 2
tiw 2 1139 5
tju 1 1152 3
tki 1 1171 8
tkn 1 1180 3
tla 2 1201 13
tle 5 1239 18
tly 3 1343 16
tma 4 1359 12
tme 4 1384 16
tmi 2 1405 10
tmo 1 1422 7
tmy 7 1448 17
tni 5 1556 15
tno 3 1588 11
tnu 1 1637 4
toa 2 1650 7
tob 4 1657 6
toc 2 1663 7
tod 8 1670 8
toe 1 1678 3
tof 10 1681 18
tog 2 1699 3
toh 6 1702 2
toi 1 1704 5
tok 3 1709 3
tol 1 1712 10
tom 7 1722 12
ton 18 1734 16
too 3 1750 11
top 12 1761 10
tor 9 1772 17
tos 6 1789 7
tot 13 1796 16
tou 3 1812 18
tov 1 1830 2
tow 6 1832 13
toy 3 1846 4
tpa 5 1851 9
tpe 1 1863 9
tpr 2 1901 3
tra 6 1927 16
tre 5 1960 20
tri 5 1989 18
tro 3 2034 14
tru 1 2076 6
try 4 2086 13
tsa 1 2099 14
tsb 3 2113 7
tsc 2 2120 6
tse 2 2128 18
tsh 4 2149 7
tsi 3 2156 17
tsj 1 2173 1
tso 4 2192 14
tst 1 2228 19
tsw 3 2253 4
tte 9 2293 15
tth 40 2317 17
tti 4 2334 17
ttl 3 2354 3
tto 20 2365 22
ttu 3 2412 4
tul 1 2458 6
tup 2 2485 10
tur 4 2495 12
tut 4 2516 16
tve 1 2540 20
twa 5 2564 11
twe 5 2582 7
twh 5 2591 5
twi 5 2596 7
two 5 2615 5
tye 1 2657 8
tyi 1 2674 11
tyo 11 2694 3
typ 3 2697 3
tyz 1 2723 1
uah 1 44 1
uai 1 45 7
ual 1 54 10
uar 2 101 16
ubb 3 180 3
ubt 1 223 1
ubu 1 224 5
uca 3 242 9
uch 6 273 10
uck 1 293 9
uco 1 306 10
ucr 1 316 6
ude 1 358 13
udi 2 375 16
udo 6 404 11
udy 1 450 6
uea 1 456 16
uem 1 568 15
uen 1 583 17
uep 2 608 9
ues 3 639 18
uet 1 657 15
uff 1 726 7
ugh 12 813 8
uha 3 874 10
uhe 1 888 23
uie 1 1003 8
uir 2 1091 12
uis 3 1103 17
uit 3 1120 15
ukn 1 1180 3
ula 2 1201 13
uld 20 1223 16
ule 1 1239 18
ull 7 1281 18
ult 1 1327 7
uly 1 1343 16
umb 2 1371 8
umm 1 1415 4
umn 1 1419 3
umo 1 1422 7
ump 1 1429 4
umu 1 1444 4
umy 2 1448 17
una 2 1465 12
unb 4 1477 6
unc 3 1483 5
und 10 1488 20
unf 1 1527 5
ung 2 1532 21
unh 1 1553 3
uni 5 1556 15
unl 1 1577 2
unn 3 1584 4
uno 1 1588 11
uns 3 1605 12
unt 8 1617 20
unw 1 1642 4
upc 1 1861 2
upe 2 1863 9
upi 5 1876 7
upl 4 1883 5
upo 4 1890 8
upp 1 1898 3
upr 1 1901 3
ups 2 1904 8
upt 5 1912 5
upw 2 1919 2
ura 1 1927 16
urb 1 1943 5
urc 1 1948 6
urd 3 1954 6
ure 6 1960 20
urf 2 1980 4
urh 1 1987 2
uri 2 1989 18
urn 4 2029 5
urp 1 2048 5
urr 2 2053 3
urs 3 2056 11
usa 2 2099 14
usb 2 2113 7
use 13 2128 18
usi 2 2156 17
uso 2 2192 14
usp 1 2206 8
uss 4 2218 10
ust 10 2228 19
usy 1 2257 5
uta 2 2262 15
utb 1 2277 5
ute 1 2293 15
utf 5 2308 6
uth 5 2317 17
uti 6 2334 17
utk 1 2352 2
utm 4 2357 5
utn 1 2362 3
uto 6 2365 22
utr 2 2390 6
utt 21 2406 6
utu 1 2412 4
utv 1 2416 1
utw 2 2417 5
uty 1 2422 5
uup 1 2485 10
uwe 1 2582 7
uwh 2 2591 5
uwi 4 2596 7
uwo 4 2615 5
uyw 1 2716 5
val 6 54 10
vat 1 135 16
vea 4 456 16
veb 5 472 7
vec 1 479 8
vef 3 518 10
veg 6 528 7
veh 2 535 4
vei 2 539 13
vej 1 552 2
vek 3 554 3
vel 4 557 11
vem 4 568 15
ven 7 583 17
veo 3 600 8
vep 1 608 9
ver 26 618 21
ves 9 639 18
vet 9 657 15
veu 2 672 3
vew 1 677 10
vey 3 691 11
vic 3 983 10
vin 7 1061 18
vio 1 1079 4
vom 1 1722 12
wab 1 1 9
wac 1 10 11
wai 1 45 7
wal 4 54 10
wam 1 64 12
wan 5 76 17
war 2 101 16
was 30 117 18
wat 5 135 16
wav 1 154 2
way 10 161 10
wba 1 171 9
wbo 1 213 7
wbr 1 220 2
wby 1 232 10
wci 1 283 10
wco 1 306 10
wdo 1 404 11
wea 8 456 16
wee 2 504 14
weh 1 535 4
wel 4 557 11
wen 3 583 17
wer 9 618 21
wes 3 639 18
wfa 1 703 8
wfu 1 772 3
wha 7 874 10
whe 17 888 23
whi 5 914 9
who 21 931 18
why 1 972 2
wic 1 983 10
wih 1 1030 4
wil 20 1039 12
win 1 1061 18
wip 3 1083 8
wis 6 1103 17
wit 25 1120 15
wlc 1 1219 4
wly 1 1343 16
wmo 1 1422 7
wmu 1 1444 4
wna 2 1465 12
wne 1 1508 19
wni 2 1556 15
wno 1 1588 11
wnr 1 1604 1
wns 1 1605 12
wnt 1 1617 20
wnw 3 1642 4
wom 1 1722 12
won 7 1734 16
wor 3 1772 17
wot 1 1796 16
wou 11 1812 18
wri 2 1989 18
wsc 2 2120 6
wsf 1 2146 2
wsy 1 2257 5
wwa 1 2564 11
wwh 1 2591 5
xac 1 10 11
xam 1 64 12
xce 2 253 19
xid 1 993 10
xim 1 1051 10
xpe 1 1863 9
xtf 1 2308 6
xtr 1 2390 6
yaa 1 0 1
yab 2 1 9
yac 1 10 11
yaf 1 33 4
yai 1 45 7
yal 1 54 10
yan 1 76 17
yar 4 101 16
yba 1 171 9
ybe 1 185 18
ybl 2 207 5
ybu 5 224 5
yby 1 232 10
yca 3 242 9
ych 1 273 10
ycl 2 302 3
yco 5 306 10
ycu 1 331 3
yda 2 336 10
ydi 6 375 16
ydn 2 400 4
ydo 2 404 11
ydr 1 418 5
yea 1 456 16
yef 1 518 10
yel 1 557 11
yen 1 583 17
yer 1 618 21
yes 2 639 18
yet 2 657 15
yev 1 675 2
yfe 1 715 11
yfi 2 737 8
yfr 1 759 3
ygo 1 838 7
ygr 1 848 5
ygu 2 864 7
yha 6 874 10
yhe 1 888 23
yhi 1 914 9
yia 1 974 7
yic 1 983 10
yid 1 993 10
yie 1 1003 8
yif 3 1011 7
yig 1 1018 12
yii 1 1034 3
yin 7 1061 18
yis 2 1103 17
yit 2 1120 15
yiw 2 1139 5
yki 2 1171 8
ykn 1 1180 3
ylo 1 1301 11
yma 2 1359 12
ymo 1 1422 7
ymu 1 1444 4
yna 2 1465 12
yne 3 1508 19
yni 2 1556 15
yof 3 1681 18
yon 5 1734 16
you 58 1812 18
ype 2 1863 9
ypi 1 1876 7
ypo 2 1890 8
yqu 1 1925 2
yro 1 2034 14
ysa 1 2099 14
yse 2 2128 18
ysh 1 2149 7
ysi 1 2156 17
ysl 4 2178 4
yso 1 2192 14
yst 2 2228 19
yte 2 2293 15
yth 17 2317 17
yto 5 2365 22
yty 2 2422 5
yup 1 2485 10
yve 1 2540 20
yvi 2 2560 3
ywa 6 2564 11
ywe 1 2582 7
ywh 4 2591 5
ywi 4 2596 7
ywo 2 2615 5
yye 1 2657 8
yyo 2 2694 3
yzo 1 2726 2
zen 1 583 17
zer 1 618 21
zod 9 1670 8
zon 1 1734 16
